MADNESS MRA-PNO INFORMATION
pairinfo=0,0.0,0.0,0.0,0.0,0.0,0.0,0.0,0.0,0.0,0.0,0.0,0.0,0.0,0.0,0.0,0.0,0.0,0.0,0.0,0.0,0.0,0.0,0.0,0.0,0.0,0.0,0.0,0.0,0.0,0.0,0.0,0.0,0.0,0.0,0.0,0.0,0.0,0.0,0.0
nuclear_repulsion=0.377984
occinfo=-0.454419,0.0360882,0.00325845,0.00283072,0.00283072,0.000980015,0.000507438,0.000459406,0.000459406,0.000143982,0.000143982,0.000113812,0.000113812,0.00011111,0.000105126,7.11633e-05,7.05714e-05,7.05714e-05,3.96679e-05,3.9663e-05,3.86447e-05,3.86447e-05,3.52711e-05,1.57359e-05,1.57359e-05,1.56623e-05,1.29013e-05,1.25188e-05,1.25188e-05,1.07765e-05,1.07765e-05,9.83059e-06,8.05038e-06,8.05038e-06,6.7232e-06,6.72164e-06,6.68065e-06,6.68065e-06,4.18814e-06,3.7201e-06