MADNESS MRA-PNO INFORMATION
pairinfo=0,0.0,0.0,0.0,0.0
nuclear_repulsion=0.377984
occinfo=-0.454419,0.035537,0.00308603,0.00269832,0.00269832