MADNESS MRA-PNO INFORMATION
pairinfo=0,0.0,0.0,0.0,0.0
nuclear_repulsion=0.440981
occinfo=-0.486423,0.0242705,0.00325106,0.00273913,0.00273913