MADNESS MRA-PNO INFORMATION
pairinfo=0,0.0,0.0,0.0,0.0,0.0,0.0,0.0,0.0,0.0,0.0,0.0,0.0,0.0,0.0,0.0,0.0,0.0,0.0,0.0,0.0,0.0,0.0,0.0,0.0,0.0,0.0,0.0,0.0,0.0,0.0,0.0,0.0,0.0,0.0,0.0,0.0,0.0,0.0,0.0
nuclear_repulsion=0.529177
occinfo=-0.526354,0.0164982,0.00363169,0.00287611,0.00287611,0.000522093,0.000367315,0.000319269,0.000319269,0.000147163,0.00014716,0.000122654,0.000122654,0.000115856,5.55818e-05,4.91915e-05,4.47059e-05,4.47059e-05,3.04961e-05,3.04961e-05,3.03663e-05,2.79758e-05,2.71384e-05,1.5818e-05,1.5818e-05,1.54727e-05,1.54661e-05,1.09272e-05,1.09272e-05,1.00856e-05,9.68205e-06,8.09364e-06,6.20011e-06,6.20011e-06,5.66668e-06,5.48924e-06,5.48924e-06,3.24023e-06,2.99365e-06,2.99275e-06