MADNESS MRA-PNO INFORMATION
pairinfo=0,0.0,0.0,0.0,0.0,0.0,0.0,0.0,0.0,0.0,0.0,0.0,0.0,0.0,0.0,0.0,0.0,0.0,0.0,0.0,0.0,0.0,0.0,0.0,0.0,0.0,0.0,0.0,0.0,0.0,0.0,0.0,0.0,0.0,0.0,0.0,0.0,0.0,0.0,0.0
nuclear_repulsion=0.440981
occinfo=-0.486423,0.02475,0.00344224,0.00288204,0.00288204,0.000728144,0.00043592,0.000387812,0.000387812,0.000147734,0.000146934,0.000118807,0.000118807,0.000112021,7.753e-05,6.08085e-05,5.711e-05,5.711e-05,3.51361e-05,3.5133e-05,3.46801e-05,3.46801e-05,3.16519e-05,1.60007e-05,1.60007e-05,1.50984e-05,1.30491e-05,1.29115e-05,1.07187e-05,1.07187e-05,1.03668e-05,8.87185e-06,7.26495e-06,7.26495e-06,6.23675e-06,6.2334e-06,6.07727e-06,6.07727e-06,3.80116e-06,2.90241e-06