MADNESS MRA-PNO INFORMATION
pairinfo=0,0.0,0.0,0.0,0.0,0.0,0.0,0.0,0.0,0.0,0.0,0.0,0.0,0.0,0.0,0.0,0.0,0.0,0.0,0.0,0.0,0.0,0.0,0.0,0.0,0.0,0.0,0.0,0.0,0.0,0.0,0.0,0.0,0.0,0.0,0.0,0.0,0.0,0.0,0.0
nuclear_repulsion=0.881962
occinfo=-0.64244,0.00661522,0.0040324,0.00263589,0.00263589,0.000245535,0.000239588,0.000197103,0.000197103,0.000132573,0.000132565,0.000126376,0.000124051,0.000124051,2.80313e-05,2.63373e-05,2.44652e-05,2.44652e-05,2.17488e-05,2.17488e-05,2.07857e-05,1.81572e-05,1.81557e-05,1.50091e-05,1.49983e-05,1.38745e-05,1.38745e-05,1.17228e-05,1.17228e-05,1.15344e-05,5.50982e-06,5.28597e-06,4.2967e-06,4.2967e-06,4.26488e-06,4.26488e-06,3.05147e-06,3.04589e-06,2.28982e-06,2.23807e-06