MADNESS MRA-PNO INFORMATION
pairinfo=0,0.0,0.0,0.0,0.0
nuclear_repulsion=0.407059
occinfo=-0.469573,0.0294708,0.00316783,0.002725,0.002725