MADNESS MRA-PNO INFORMATION
pairinfo=0,0.0,0.0,0.0,0.0
nuclear_repulsion=0.881962
occinfo=-0.64244,0.00632289,0.00377718,0.00246522,0.00246522