MADNESS MRA-PNO INFORMATION
pairinfo=0,0.0,0.0,0.0,0.0,0.0,0.0,0.0,0.0,0.0,0.0,0.0,0.0,0.0,0.0,0.0,0.0,0.0,0.0,0.0,0.0,0.0,0.0,0.0,0.0,0.0,0.0,0.0,0.0,0.0,0.0,0.0,0.0,0.0,0.0,0.0,0.0,0.0,0.0,0.0
nuclear_repulsion=0.132294
occinfo=-0.302705,0.896032,0.00435383,0.00188148,0.00161065,0.00161065,0.00143644,0.00124803,0.00124803,0.0010249,0.000144116,0.000132772,0.000132772,0.000115268,7.57967e-05,7.57946e-05,7.5554e-05,7.23544e-05,7.23544e-05,7.13355e-05,7.13355e-05,7.08211e-05,7.00039e-05,6.72179e-05,6.24489e-05,3.78221e-05,1.59963e-05,1.59657e-05,1.59657e-05,1.57314e-05,1.57314e-05,1.1288e-05,1.03617e-05,9.64605e-06,9.64034e-06,9.34661e-06,9.34661e-06,8.20018e-06,7.6918e-06,7.6918e-06