MADNESS MRA-PNO INFORMATION
pairinfo=0,0.0,0.0,0.0,0.0,0.0,0.0,0.0,0.0,0.0,0.0,0.0,0.0,0.0,0.0,0.0,0.0,0.0,0.0,0.0,0.0,0.0,0.0,0.0,0.0,0.0,0.0,0.0,0.0,0.0,0.0,0.0,0.0,0.0,0.0,0.0,0.0,0.0,0.0,0.0
nuclear_repulsion=0.264589
occinfo=-0.389041,0.0975072,0.00275776,0.00247611,0.00247611,0.00199096,0.000735486,0.000679316,0.000679316,0.000230766,0.000123019,0.000122999,0.000121888,0.000119406,0.000119406,9.10111e-05,9.10111e-05,8.14306e-05,5.11394e-05,5.11345e-05,4.86696e-05,4.86696e-05,4.54592e-05,3.40408e-05,2.63318e-05,1.3352e-05,1.3352e-05,1.31831e-05,1.31831e-05,1.30702e-05,1.02889e-05,1.02764e-05,8.85648e-06,7.9063e-06,7.9063e-06,7.70696e-06,7.70482e-06,7.58561e-06,7.58561e-06,5.04482e-06