MADNESS MRA-PNO INFORMATION
pairinfo=0,0.0,0.0,0.0,0.0
nuclear_repulsion=0.529177
occinfo=-0.526354,0.0160878,0.00342105,0.00272249,0.00272249