MADNESS MRA-PNO INFORMATION
pairinfo=0,0.0,0.0,0.0,0.0,0.0,0.0,0.0,0.0,0.0,0.0,0.0,0.0,0.0,0.0,0.0,0.0,0.0,0.0,0.0,0.0,0.0,0.0,0.0,0.0,0.0,0.0,0.0,0.0,0.0,0.0,0.0,0.0,0.0,0.0,0.0,0.0,0.0,0.0,0.0
nuclear_repulsion=1.05835
occinfo=-0.682219,0.0051463,0.00414219,0.00252045,0.00252045,0.000209739,0.000200672,0.000170861,0.000170861,0.000129322,0.000125892,0.000125892,0.000122562,0.000122562,2.36538e-05,2.17598e-05,1.95578e-05,1.95578e-05,1.93162e-05,1.93162e-05,1.88935e-05,1.60338e-05,1.60331e-05,1.45875e-05,1.45875e-05,1.30568e-05,1.30568e-05,1.23853e-05,1.23853e-05,1.16851e-05,4.85007e-06,4.45843e-06,3.98022e-06,3.98022e-06,3.01705e-06,3.01649e-06,2.7788e-06,2.7788e-06,2.25701e-06,2.09849e-06