MADNESS MRA-PNO INFORMATION
pairinfo=0,0.0,0.0,0.0,0.0,0.0,0.0,0.0,0.0,0.0,0.0,0.0,0.0,0.0,0.0,0.0,0.0,0.0,0.0,0.0,0.0,0.0,0.0,0.0,0.0,0.0,0.0,0.0,0.0,0.0,0.0,0.0,0.0,0.0,0.0,0.0,0.0,0.0,0.0,0.0
nuclear_repulsion=0.661472
occinfo=-0.57701,0.0106425,0.00382659,0.00279848,0.00279834,0.000362822,0.00030189,0.000255193,0.000255193,0.000142277,0.000142272,0.000124796,0.000124554,0.000120431,3.87454e-05,3.79692e-05,3.38147e-05,3.37939e-05,2.6158e-05,2.6158e-05,2.43795e-05,2.26021e-05,2.25981e-05,1.54704e-05,1.54607e-05,1.51201e-05,1.51201e-05,1.23794e-05,1.11583e-05,9.69115e-06,7.48449e-06,6.77047e-06,5.18602e-06,5.14358e-06,4.90139e-06,4.90139e-06,3.05293e-06,3.04813e-06,2.72631e-06,1.9563e-06