MADNESS MRA-PNO INFORMATION
pairinfo=0,0.0,0.0,0.0,0.0
nuclear_repulsion=0.176392
occinfo=-0.332115,0.352812,0.0020435,0.00171926,0.00171926