MADNESS MRA-PNO INFORMATION
pairinfo=0,0.0,0.0,0.0,0.0,0.0,0.0,0.0,0.0,0.0,0.0,0.0,0.0,0.0,0.0,0.0,0.0,0.0,0.0,0.0,0.0,0.0,0.0,0.0,0.0,0.0,0.0,0.0,0.0,0.0,0.0,0.0,0.0,0.0,0.0,0.0,0.0,0.0,0.0,0.0
nuclear_repulsion=0.176392
occinfo=-0.332127,0.354487,0.00369915,0.00217225,0.00185725,0.00185725,0.00110924,0.00100657,0.00100657,0.000580808,0.000161881,0.000161881,0.00014392,9.01439e-05,8.58666e-05,8.58658e-05,7.44989e-05,7.44989e-05,7.30607e-05,5.98161e-05,5.98161e-05,5.91663e-05,5.76075e-05,5.76048e-05,4.79842e-05,1.40367e-05,1.40367e-05,1.33224e-05,1.33046e-05,1.31364e-05,1.14199e-05,1.14199e-05,1.10632e-05,8.81673e-06,8.81673e-06,8.50003e-06,8.50003e-06,8.41542e-06,8.41542e-06,6.40584e-06