MADNESS MRA-PNO INFORMATION
pairinfo=0,0.0,0.0,0.0,0.0,0.0,0.0,0.0,0.0,0.0,0.0,0.0,0.0,0.0,0.0,0.0,0.0,0.0,0.0,0.0,0.0,0.0,0.0,0.0,0.0,0.0,0.0,0.0,0.0,0.0,0.0,0.0,0.0,0.0,0.0,0.0,0.0,0.0,0.0,0.0
nuclear_repulsion=0.48107
occinfo=-0.505242,0.0202845,0.00353634,0.00288721,0.00288721,0.000618973,0.000401245,0.000353075,0.000353075,0.000147947,0.000147946,0.000120928,0.000120928,0.000113718,6.58816e-05,5.49383e-05,5.07347e-05,5.07347e-05,3.27742e-05,3.26107e-05,3.26107e-05,2.9805e-05,2.93921e-05,1.59704e-05,1.59704e-05,1.53278e-05,1.53224e-05,1.14791e-05,1.08098e-05,1.08098e-05,9.85712e-06,8.62019e-06,6.74441e-06,6.74441e-06,5.96203e-06,5.78218e-06,5.78218e-06,3.52557e-06,2.95309e-06,2.95223e-06