MADNESS MRA-PNO INFORMATION
pairinfo=0,0.0,0.0,0.0,0.0,0.0,0.0,0.0,0.0,0.0,0.0,0.0,0.0,0.0,0.0,0.0,0.0,0.0,0.0,0.0,0.0,0.0,0.0,0.0,0.0,0.0,0.0,0.0,0.0,0.0,0.0,0.0,0.0,0.0,0.0,0.0,0.0,0.0,0.0,0.0
nuclear_repulsion=0.755967
occinfo=-0.607586,0.00843016,0.00392815,0.00272833,0.00272833,0.000299339,0.000270306,0.000225296,0.000225296,0.000138044,0.000138037,0.000124595,0.000124595,0.000123684,3.28655e-05,3.2013e-05,2.90289e-05,2.90289e-05,2.39546e-05,2.39545e-05,2.25846e-05,2.03563e-05,2.03545e-05,1.53024e-05,1.52911e-05,1.45658e-05,1.45658e-05,1.14136e-05,1.13004e-05,1.13004e-05,6.31151e-06,6.17091e-06,4.75561e-06,4.75561e-06,4.60435e-06,4.60435e-06,3.061e-06,3.05593e-06,2.49722e-06,2.22054e-06