MADNESS MRA-PNO INFORMATION
pairinfo=0,0.0,0.0,0.0,0.0,0.0,0.0,0.0,0.0,0.0,0.0,0.0,0.0,0.0,0.0,0.0,0.0,0.0,0.0,0.0,0.0,0.0,0.0,0.0,0.0,0.0,0.0,0.0,0.0,0.0,0.0,0.0,0.0,0.0,0.0,0.0,0.0,0.0,0.0,0.0
nuclear_repulsion=0.587975
occinfo=-0.55011,0.0133102,0.00372772,0.00284726,0.00284711,0.000436884,0.000334218,0.000286584,0.000286584,0.000145296,0.000145295,0.000124143,0.000123886,0.000118038,4.65872e-05,4.34766e-05,3.90581e-05,3.90539e-05,2.83435e-05,2.83435e-05,2.61739e-05,2.48709e-05,2.48676e-05,1.55365e-05,1.55365e-05,1.55233e-05,1.5514e-05,1.22355e-05,1.10447e-05,9.65527e-06,8.74188e-06,7.44172e-06,5.75329e-06,5.65273e-06,5.19553e-06,5.19553e-06,3.02617e-06,3.02393e-06,2.97912e-06,1.94126e-06