MADNESS MRA-PNO INFORMATION
pairinfo=0,0.0,0.0,0.0,0.0
nuclear_repulsion=0.661472
occinfo=-0.57701,0.0102916,0.00359523,0.00263512,0.00263512