MADNESS MRA-PNO INFORMATION
pairinfo=0,0.0,0.0,0.0,0.0
nuclear_repulsion=0.48107
occinfo=-0.505242,0.019841,0.00333555,0.00273888,0.00273888