MADNESS MRA-PNO INFORMATION
pairinfo=0,0.0,0.0,0.0,0.0,0.0,0.0,0.0,0.0,0.0,0.0,0.0,0.0,0.0,0.0,0.0,0.0,0.0,0.0,0.0,0.0,0.0,0.0,0.0,0.0,0.0,0.0,0.0,0.0,0.0,0.0,0.0,0.0,0.0,0.0,0.0,0.0,0.0,0.0,0.0
nuclear_repulsion=0.407059
occinfo=-0.469573,0.0299853,0.00334933,0.00286255,0.00286255,0.00084944,0.000471306,0.000423318,0.000423318,0.000146624,0.000145849,0.000116393,0.000116393,0.000110716,9.05828e-05,6.63864e-05,6.37669e-05,6.37669e-05,3.74379e-05,3.74322e-05,3.66862e-05,3.66862e-05,3.34828e-05,1.59187e-05,1.59187e-05,1.479e-05,1.43128e-05,1.28197e-05,1.11782e-05,1.0696e-05,1.0696e-05,8.89657e-06,7.72465e-06,7.72465e-06,6.49038e-06,6.48778e-06,6.37734e-06,6.37734e-06,4.03219e-06,2.84552e-06