MADNESS MRA-PNO INFORMATION
pairinfo=0,1,2,1.1,2.2
nuclear_repulsion=1.66593
occinfo=-4.878,-0.35122,-0.35122,0.0604954,0.0604954