MADNESS MRA-PNO INFORMATION
pairinfo=0,1,2,1.1,2.2
nuclear_repulsion=2.249
occinfo=-4.80603,-0.400376,-0.400376,0.0212262,0.0212262