MADNESS MRA-PNO INFORMATION
pairinfo=0,0.0,0.0,0.0,0.0
nuclear_repulsion=0.132294
occinfo=-0.302705,0.892865,0.00353363,0.00145816,0.00145816