MADNESS MRA-PNO INFORMATION
pairinfo=0,0.0,0.0,0.0,0.0
nuclear_repulsion=0.587975
occinfo=-0.55011,0.0129287,0.00350702,0.00268845,0.00268845